wyszukiwanie liczby : 
5.01326
4.40452
4.53724
4.58502
4.47177
3.93558
3.79047
3.79047
wyszukiwanie liczby : 
5.05573
5.03273
4.32489
3.77985
4.65403
3.82055
3.75862
4.33728
wyszukiwanie liczby : 
4.46292
4.41691
4.39036
4.47707
4.40983
4.39036
3.80994
3.80994
wyszukiwanie liczby : 
4.07538
3.78516
3.79578
3.79047
3.79401
3.725
3.80463
4.48592
wyszukiwanie liczby : 
3.79047
3.78339
3.76924
3.77808
3.85064
3.69845
3.65421
3.92319
wyszukiwanie liczby : 
4.80091
4.3939
4.42222
4.41337
4.3939
3.81171
3.8701
4.07538
wyszukiwanie liczby : 
3.8471
3.79932
3.79932
3.78162
3.77808
3.76216
3.78339
3.74446
